1
0
-3
2
0
0
0
0
-3
0
9
-6
2
0
-6
4
0
0
0
0
0
0
0
0
3
0
-9
6
-2
0
6
-4
0
0
0
0
0
0
0
0
0
0
9
-6
0
0
-6
4
0
0
3
-2
0
0
0
0
0
0
-9
6
0
0
6
-4
0
0
0
0
1
0
-3
2
-2
0
6
-4
1
0
-3
2
0
0
0
0
0
0
0
0
-1
0
3
-2
1
0
-3
2
0
0
0
0
0
0
0
0
0
0
-3
2
0
0
3
-2
0
0
0
0
0
0
3
-2
0
0
-6
4
0
0
3
-2
0
1
-2
1
0
0
0
0
0
-3
6
-3
0
2
-4
2
0
0
0
0
0
0
0
0
0
3
-6
3
0
-2
4
-2
0
0
0
0
0
0
0
0
0
0
-3
3
0
0
2
-2
0
0
-1
1
0
0
0
0
0
0
3
-3
0
0
-2
2
0
0
0
0
0
1
-2
1
0
-2
4
-2
0
1
-2
1
0
0
0
0
0
0
0
0
0
-1
2
-1
0
1
-2
1
0
0
0
0
0
0
0
0
0
0
1
-1
0
0
-1
1
0
0
0
0
0
0
-1
1
0
0
2
-2
0
0
-1
1
